1477010444349642                   1.810883e+00    1.937250e-02    2.296485e+00   -2.039614e-01
1477010445349642                   4.185407e+00    1.884907e-01    2.416072e+00   -1.653571e-01
1477010446349642                   6.473190e+00    4.767498e-01    2.435394e+00    1.335811e-01
1477010447349642                   8.915982e+00    8.723515e-01    2.524506e+00    1.244509e-01
1477010448349642                   1.145641e+01    1.451643e+00    2.449164e+00    5.843524e-01
1477010449349642                   1.365227e+01    2.044765e+00    2.444490e+00    8.085192e-01
1477010450349642                   1.631063e+01    2.850551e+00    2.622088e+00    8.104518e-01
1477010451349642                   1.933799e+01    3.840370e+00    2.404092e+00    7.889182e-01
1477010452349642                   2.159610e+01    4.757293e+00    2.638548e+00    9.705637e-01
1477010453349642                   2.453726e+01    5.830710e+00    2.926719e+00    9.559871e-01
1477010454349642                   2.654511e+01    6.917883e+00    2.773834e+00    1.169271e+00
1477010455349642                   2.949872e+01    8.167542e+00    2.800079e+00    1.132115e+00
1477010456349642                   3.176833e+01    9.653457e+00    2.474782e+00    1.480622e+00
1477010457349642                   3.504413e+01    1.090596e+01    2.747482e+00    1.204318e+00
1477010458349642                   3.748266e+01    1.223731e+01    2.749668e+00    1.323577e+00
1477010459349642                   3.998407e+01    1.346872e+01    2.701206e+00    1.226595e+00
1477010460349642                   4.262565e+01    1.485929e+01    2.815471e+00    1.338087e+00
1477010461349642                   4.559961e+01    1.659470e+01    2.714789e+00    1.549880e+00
1477010462349642                   4.801632e+01    1.733689e+01    2.583211e+00    9.873595e-01
1477010463349642                   5.052151e+01    1.895607e+01    2.535634e+00    1.444954e+00
1477010464349642                   5.355044e+01    1.984508e+01    2.548457e+00    9.711538e-01
1477010465349642                   5.587059e+01    2.101946e+01    2.441754e+00    1.122259e+00
1477010466349642                   5.863834e+01    2.182628e+01    2.667823e+00    8.956813e-01
1477010467349642                   6.074943e+01    2.271797e+01    2.493344e+00    9.739589e-01
1477010468349642                   6.376530e+01    2.358983e+01    2.406788e+00    7.302642e-01
1477010469349642                   6.594903e+01    2.387941e+01    2.230509e+00    4.249767e-01
1477010470349642                   6.866604e+01    2.451942e+01    2.460252e+00    5.211076e-01
1477010471349642                   7.070528e+01    2.481176e+01    2.205392e+00    4.016789e-01
1477010472349642                   7.311829e+01    2.483402e+01    2.187629e+00    8.866108e-02
1477010473349642                   7.495172e+01    2.522369e+01    2.025771e+00    3.104481e-01
1477010474349642                   7.721809e+01    2.501759e+01    1.767767e+00   -1.766819e-01
1477010475349642                   7.914727e+01    2.503579e+01    1.840006e+00   -5.761876e-02
1477010476349642                   8.109292e+01    2.494382e+01    1.608841e+00   -1.596251e-01
1477010477349642                   8.256212e+01    2.464956e+01    1.567754e+00   -2.457031e-01
1477010478349642                   8.422692e+01    2.453280e+01    1.602011e+00   -1.534311e-01
1477010479349642                   8.591684e+01    2.387007e+01    1.482615e+00   -5.052565e-01
1477010480349642                   8.752413e+01    2.365925e+01    1.275111e+00   -3.794770e-01
1477010481349642                   8.850301e+01    2.273865e+01    1.349382e+00   -6.699882e-01
1477010482349642                   8.977889e+01    2.239044e+01    1.009201e+00   -5.456145e-01
1477010483349642                   9.088020e+01    2.179583e+01    1.161749e+00   -5.763541e-01
1477010484349642                   9.208270e+01    2.123796e+01    1.046671e+00   -6.170320e-01
1477010485349642                   9.328450e+01    2.104952e+01    9.916242e-01   -3.830459e-01
1477010486349642                   9.376016e+01    2.030561e+01    9.712619e-01   -5.519486e-01
1477010487349642                   9.462444e+01    1.955894e+01    8.547754e-01   -7.142402e-01
1477010488349642                   9.557912e+01    1.969559e+01    8.301545e-01   -1.923561e-01
1477010489349642                   9.648122e+01    1.916747e+01    8.299702e-01   -3.874509e-01
1477010490349642                   9.745018e+01    1.865471e+01    9.367559e-01   -4.284650e-01
1477010491349642                   9.836218e+01    1.837558e+01    8.225826e-01   -3.366339e-01
1477010492349642                   9.897575e+01    1.734302e+01    1.053317e+00   -7.032626e-01
1477010493349642                   1.003898e+02    1.704281e+01    9.266137e-01   -5.045933e-01
1477010494349642                   1.011598e+02    1.652009e+01    9.669157e-01   -4.870689e-01
1477010495349642                   1.020402e+02    1.629301e+01    1.002976e+00   -2.818540e-01
1477010496349642                   1.027703e+02    1.530160e+01    1.133435e+00   -6.673261e-01
1477010497349642                   1.038660e+02    1.518706e+01    1.210533e+00   -2.821938e-01
1477010498349642                   1.052886e+02    1.437165e+01    1.250901e+00   -6.073064e-01
1477010499349642                   1.064966e+02    1.402450e+01    1.438213e+00   -4.328874e-01
1477010500349642                   1.081292e+02    1.366729e+01    1.545226e+00   -3.896133e-01
1477010501349642                   1.093600e+02    1.351461e+01    1.482101e+00   -2.043299e-01
1477010502349642                   1.114275e+02    1.265280e+01    1.706113e+00   -6.484535e-01
1477010503349642                   1.128393e+02    1.250559e+01    1.794374e+00   -3.229008e-01
1477010504349642                   1.148850e+02    1.253913e+01    1.824790e+00   -1.037446e-01
1477010505349642                   1.168514e+02    1.211703e+01    2.131716e+00   -2.770468e-01
1477010506349642                   1.188941e+02    1.202495e+01    2.145900e+00   -1.735756e-01
1477010507349642                   1.209049e+02    1.230224e+01    2.148465e+00    1.214348e-01
1477010508349642                   1.231746e+02    1.278638e+01    2.279659e+00    3.538622e-01
1477010509349642                   1.253527e+02    1.283398e+01    2.543408e+00    1.900142e-01
1477010510349642                   1.275225e+02    1.328265e+01    2.508598e+00    3.767088e-01
1477010511349642                   1.303072e+02    1.373671e+01    2.373468e+00    3.906253e-01
1477010512349642                   1.324001e+02    1.452708e+01    2.532985e+00    6.818131e-01
1477010513349642                   1.350851e+02    1.502653e+01    2.529192e+00    5.718541e-01
1477010514349642                   1.376752e+02    1.624246e+01    2.773239e+00    9.869219e-01
1477010515349642                   1.403630e+02    1.704136e+01    2.780428e+00    8.595890e-01
1477010516349642                   1.426675e+02    1.797321e+01    2.739189e+00    9.293615e-01
1477010517349642                   1.457759e+02    1.921957e+01    2.782965e+00    1.096852e+00
1477010518349642                   1.482123e+02    2.049187e+01    2.621193e+00    1.196906e+00
1477010519349642                   1.506159e+02    2.208906e+01    2.773127e+00    1.495551e+00
1477010520349642                   1.533864e+02    2.345890e+01    2.621351e+00    1.410226e+00
1477010521349642                   1.560484e+02    2.482008e+01    2.469590e+00    1.344379e+00
1477010522349642                   1.590242e+02    2.605785e+01    2.826006e+00    1.284703e+00
1477010523349642                   1.615785e+02    2.746890e+01    2.542521e+00    1.330356e+00
1477010524349642                   1.641463e+02    2.887803e+01    2.597651e+00    1.372532e+00
1477010525349642                   1.666810e+02    3.016160e+01    2.587763e+00    1.334107e+00
1477010526349642                   1.692139e+02    3.136747e+01    2.593933e+00    1.277200e+00
1477010527349642                   1.721911e+02    3.235686e+01    2.659018e+00    1.060665e+00
1477010528349642                   1.745684e+02    3.346445e+01    2.471876e+00    1.076007e+00
1477010529349642                   1.771327e+02    3.420892e+01    2.397982e+00    8.532266e-01
1477010530349642                   1.796664e+02    3.506374e+01    2.366978e+00    8.240361e-01
1477010531349642                   1.821946e+02    3.569442e+01    2.359712e+00    6.722956e-01
1477010532349642                   1.847595e+02    3.650816e+01    2.117702e+00    6.942721e-01
1477010533349642                   1.872551e+02    3.700049e+01    2.336400e+00    5.678197e-01
1477010534349642                   1.896309e+02    3.742343e+01    2.178349e+00    4.512843e-01
1477010535349642                   1.916135e+02    3.752781e+01    2.098626e+00    2.527419e-01
1477010536349642                   1.935700e+02    3.730361e+01    2.017558e+00   -4.211996e-02
1477010537349642                   1.955753e+02    3.732471e+01    1.825954e+00   -4.187712e-02
1477010538349642                   1.975282e+02    3.767860e+01    1.865218e+00    2.013936e-01
1477010539349642                   1.993601e+02    3.730270e+01    1.661391e+00   -1.896673e-01
1477010540349642                   2.010747e+02    3.692677e+01    1.589956e+00   -3.345687e-01
1477010541349642                   2.028077e+02    3.645223e+01    1.380453e+00   -4.883201e-01
1477010542349642                   2.038438e+02    3.617266e+01    1.509768e+00   -3.004193e-01
