1477010444349642                   1.812089e+00    4.748265e-02    2.304941e+00    6.039697e-02
1477010445349642                   4.197581e+00    2.163993e-01    2.413665e+00    1.694425e-01
1477010446349642                   6.451948e+00    4.750641e-01    2.425957e+00    2.407991e-01
1477010447349642                   8.897581e+00    8.823578e-01    2.501450e+00    3.518104e-01
1477010448349642                   1.144240e+01    1.420630e+00    2.467173e+00    4.587158e-01
1477010449349642                   1.367583e+01    1.994957e+00    2.484184e+00    5.459822e-01
1477010450349642                   1.627689e+01    2.823152e+00    2.631499e+00    7.276372e-01
1477010451349642                   1.933259e+01    3.838390e+00    2.411383e+00    8.099608e-01
1477010452349642                   2.163260e+01    4.737793e+00    2.640473e+00    9.255482e-01
1477010453349642                   2.454395e+01    5.895372e+00    2.887396e+00    1.083315e+00
1477010454349642                   2.660933e+01    6.892679e+00    2.789343e+00    1.115376e+00
1477010455349642                   2.947247e+01    8.208907e+00    2.778003e+00    1.209574e+00
1477010456349642                   3.183309e+01    9.466417e+00    2.560643e+00    1.228364e+00
1477010457349642                   3.501467e+01    1.096882e+01    2.706376e+00    1.323837e+00
1477010458349642                   3.751722e+01    1.228349e+01    2.736069e+00    1.361192e+00
1477010459349642                   3.993177e+01    1.360871e+01    2.653712e+00    1.366095e+00
1477010460349642                   4.257319e+01    1.498137e+01    2.780602e+00    1.417311e+00
1477010461349642                   4.562824e+01    1.651093e+01    2.764845e+00    1.419440e+00
1477010462349642                   4.795237e+01    1.759659e+01    2.502489e+00    1.237335e+00
1477010463349642                   5.055878e+01    1.880580e+01    2.606712e+00    1.246342e+00
1477010464349642                   5.347685e+01    1.994127e+01    2.504737e+00    1.105058e+00
1477010465349642                   5.587334e+01    2.099357e+01    2.458453e+00    1.082112e+00
1477010466349642                   5.854712e+01    2.203040e+01    2.594652e+00    1.078944e+00
1477010467349642                   6.076402e+01    2.274737e+01    2.505805e+00    9.504942e-01
1477010468349642                   6.370187e+01    2.376944e+01    2.367884e+00    8.606900e-01
1477010469349642                   6.584321e+01    2.414959e+01    2.169892e+00    6.213027e-01
1477010470349642                   6.859748e+01    2.470906e+01    2.427374e+00    5.987475e-01
1477010471349642                   7.070932e+01    2.486354e+01    2.218698e+00    3.917738e-01
1477010472349642                   7.303763e+01    2.512206e+01    2.126604e+00    2.915573e-01
1477010473349642                   7.496764e+01    2.521840e+01    2.059433e+00    2.191494e-01
1477010474349642                   7.711049e+01    2.535969e+01    1.707825e+00    6.435455e-02
1477010475349642                   7.909865e+01    2.515754e+01    1.832761e+00   -3.726358e-02
1477010476349642                   8.109728e+01    2.498201e+01    1.624508e+00   -1.735685e-01
1477010477349642                   8.252762e+01    2.479708e+01    1.550491e+00   -1.756058e-01
1477010478349642                   8.424593e+01    2.445318e+01    1.624744e+00   -2.385440e-01
1477010479349642                   8.592428e+01    2.393940e+01    1.461005e+00   -3.928708e-01
1477010480349642                   8.759142e+01    2.354514e+01    1.304115e+00   -4.556900e-01
1477010481349642                   8.845021e+01    2.297163e+01    1.294539e+00   -4.556690e-01
1477010482349642                   8.977257e+01    2.250562e+01    1.018114e+00   -5.281349e-01
1477010483349642                   9.084807e+01    2.205100e+01    1.137241e+00   -4.790821e-01
1477010484349642                   9.203914e+01    2.155260e+01    1.031165e+00   -5.149039e-01
1477010485349642                   9.329967e+01    2.107331e+01    1.025993e+00   -5.235153e-01
1477010486349642                   9.378809e+01    2.049143e+01    9.655442e-01   -5.108693e-01
1477010487349642                   9.450793e+01    1.991077e+01    8.248273e-01   -5.440499e-01
1477010488349642                   9.560168e+01    1.950886e+01    8.909321e-01   -5.010877e-01
1477010489349642                   9.654419e+01    1.892908e+01    8.607058e-01   -5.394546e-01
1477010490349642                   9.751061e+01    1.826448e+01    9.584736e-01   -5.755343e-01
1477010491349642                   9.844835e+01    1.796643e+01    8.530301e-01   -4.911052e-01
1477010492349642                   9.899577e+01    1.734521e+01    1.008994e+00   -4.908907e-01
1477010493349642                   1.004107e+02    1.693352e+01    9.305120e-01   -5.016898e-01
1477010494349642                   1.011835e+02    1.642512e+01    9.648262e-01   -4.888307e-01
1477010495349642                   1.020813e+02    1.587284e+01    1.030915e+00   -4.977891e-01
1477010496349642                   1.027898e+02    1.521052e+01    1.107324e+00   -5.270199e-01
1477010497349642                   1.039094e+02    1.472488e+01    1.233006e+00   -4.966377e-01
1477010498349642                   1.052921e+02    1.410473e+01    1.240254e+00   -5.475737e-01
1477010499349642                   1.064805e+02    1.394018e+01    1.423490e+00   -3.882993e-01
1477010500349642                   1.081203e+02    1.363850e+01    1.536638e+00   -3.547932e-01
1477010501349642                   1.094025e+02    1.320097e+01    1.501835e+00   -3.758139e-01
1477010502349642                   1.113932e+02    1.291132e+01    1.669100e+00   -3.497237e-01
1477010503349642                   1.128290e+02    1.269737e+01    1.784889e+00   -2.806471e-01
1477010504349642                   1.148899e+02    1.237366e+01    1.844137e+00   -3.007915e-01
1477010505349642                   1.168628e+02    1.206713e+01    2.121949e+00   -2.812135e-01
1477010506349642                   1.188851e+02    1.212158e+01    2.143254e+00   -1.611227e-01
1477010507349642                   1.209506e+02    1.208146e+01    2.171146e+00   -1.146569e-01
1477010508349642                   1.231741e+02    1.240142e+01    2.305030e+00    4.212353e-02
1477010509349642                   1.254077e+02    1.273701e+01    2.537873e+00    1.657431e-01
1477010510349642                   1.275506e+02    1.301274e+01    2.523372e+00    2.143421e-01
1477010511349642                   1.303371e+02    1.353353e+01    2.390683e+00    2.927508e-01
1477010512349642                   1.324919e+02    1.408467e+01    2.557950e+00    4.030438e-01
1477010513349642                   1.351280e+02    1.458150e+01    2.545781e+00    4.294650e-01
1477010514349642                   1.377305e+02    1.579488e+01    2.798420e+00    7.082224e-01
1477010515349642                   1.403768e+02    1.702108e+01    2.778660e+00    8.768315e-01
1477010516349642                   1.426829e+02    1.797607e+01    2.740590e+00    9.137556e-01
1477010517349642                   1.457867e+02    1.916866e+01    2.796201e+00    9.957103e-01
1477010518349642                   1.482284e+02    2.051915e+01    2.639680e+00    1.097522e+00
1477010519349642                   1.506800e+02    2.170424e+01    2.816436e+00    1.159638e+00
1477010520349642                   1.534711e+02    2.288023e+01    2.670222e+00    1.142394e+00
1477010521349642                   1.560921e+02    2.453135e+01    2.489886e+00    1.270494e+00
1477010522349642                   1.590012e+02    2.606309e+01    2.798657e+00    1.386067e+00
1477010523349642                   1.615828e+02    2.760793e+01    2.540177e+00    1.396620e+00
1477010524349642                   1.641400e+02    2.916056e+01    2.582451e+00    1.450573e+00
1477010525349642                   1.666766e+02    3.016800e+01    2.589839e+00    1.322510e+00
1477010526349642                   1.692756e+02    3.111482e+01    2.607228e+00    1.214676e+00
1477010527349642                   1.721418e+02    3.251029e+01    2.621345e+00    1.257401e+00
1477010528349642                   1.745140e+02    3.380349e+01    2.444268e+00    1.244584e+00
1477010529349642                   1.770865e+02    3.448778e+01    2.363000e+00    1.059127e+00
1477010530349642                   1.795286e+02    3.551890e+01    2.324020e+00    1.039051e+00
1477010531349642                   1.820025e+02    3.643401e+01    2.295990e+00    9.899121e-01
1477010532349642                   1.846717e+02    3.686086e+01    2.111989e+00    7.719928e-01
1477010533349642                   1.871911e+02    3.733717e+01    2.304355e+00    7.059315e-01
1477010534349642                   1.896182e+02    3.755089e+01    2.169204e+00    5.346389e-01
1477010535349642                   1.916027e+02    3.763136e+01    2.073929e+00    3.998920e-01
1477010536349642                   1.935098e+02    3.774433e+01    1.955694e+00    3.068423e-01
1477010537349642                   1.954517e+02    3.779564e+01    1.785223e+00    2.047553e-01
1477010538349642                   1.974918e+02    3.770196e+01    1.876784e+00    1.272061e-01
1477010539349642                   1.993131e+02    3.761542e+01    1.631528e+00    2.667420e-02
1477010540349642                   2.009173e+02    3.756392e+01    1.534119e+00   -1.085384e-02
1477010541349642                   2.026049e+02    3.742997e+01    1.319464e+00   -9.088401e-02
1477010542349642                   2.037318e+02    3.685168e+01    1.484096e+00   -1.824967e-01
