1477010444349642                   1.559445e+00   -1.385015e-01    0.000000e+00    0.000000e+00
1477010445349642                   3.890875e+00   -1.341658e-01    2.326776e+00    4.327049e-03
1477010446349642                   6.859980e+00    4.138236e-01    2.804829e+00    4.089473e-01
1477010447349642                   9.081976e+00    5.950262e-01    2.436488e+00    2.650162e-01
1477010448349642                   1.157508e+01    1.660230e+00    2.471366e+00    7.579792e-01
1477010449349642                   1.359587e+01    2.312799e+00    2.194805e+00    6.932788e-01
1477010450349642                   1.663847e+01    2.903857e+00    2.714906e+00    6.305692e-01
1477010451349642                   1.901343e+01    3.704128e+00    2.506375e+00    7.346687e-01
1477010452349642                   2.133281e+01    4.729611e+00    2.391666e+00    9.130598e-01
1477010453349642                   2.407576e+01    5.570283e+00    2.607150e+00    8.686555e-01
1477010454349642                   2.660590e+01    6.956673e+00    2.559908e+00    1.186243e+00
1477010455349642                   2.958289e+01    8.088348e+00    2.815755e+00    1.152770e+00
1477010456349642                   3.194541e+01    9.874847e+00    2.537731e+00    1.541511e+00
1477010457349642                   3.461458e+01    1.070477e+01    2.618359e+00    1.105013e+00
1477010458349642                   3.714113e+01    1.208601e+01    2.562044e+00    1.274453e+00
1477010459349642                   4.032332e+01    1.346573e+01    2.942454e+00    1.339023e+00
1477010460349642                   4.277055e+01    1.482917e+01    2.638671e+00    1.354000e+00
1477010461349642                   4.535764e+01    1.654932e+01    2.607034e+00    1.578604e+00
1477010462349642                   4.815251e+01    1.729050e+01    2.722256e+00    1.064916e+00
1477010463349642                   5.062488e+01    1.906614e+01    2.568968e+00    1.500888e+00
1477010464349642                   5.372234e+01    1.990378e+01    2.893158e+00    1.094037e+00
1477010465349642                   5.603709e+01    2.109151e+01    2.538348e+00    1.151513e+00
1477010466349642                   5.866247e+01    2.178591e+01    2.591737e+00    8.711083e-01
1477010467349642                   6.087542e+01    2.278656e+01    2.359383e+00    9.505742e-01
1477010468349642                   6.338085e+01    2.340965e+01    2.448973e+00    7.496878e-01
1477010469349642                   6.633604e+01    2.399722e+01    2.759493e+00    6.502428e-01
1477010470349642                   6.826899e+01    2.436058e+01    2.252476e+00    4.742622e-01
1477010471349642                   7.082493e+01    2.488398e+01    2.438628e+00    5.044035e-01
1477010472349642                   7.289535e+01    2.471916e+01    2.212762e+00    9.389050e-02
1477010473349642                   7.500297e+01    2.525573e+01    2.148267e+00    3.654409e-01
1477010474349642                   7.712269e+01    2.493543e+01    2.130754e+00   -5.520852e-02
1477010475349642                   7.911010e+01    2.503557e+01    2.042826e+00    4.008402e-02
1477010476349642                   8.081031e+01    2.487054e+01    1.832655e+00   -8.573274e-02
1477010477349642                   8.262176e+01    2.464053e+01    1.819648e+00   -1.742354e-01
1477010478349642                   8.417558e+01    2.454972e+01    1.656587e+00   -1.230618e-01
1477010479349642                   8.563938e+01    2.381313e+01    1.538326e+00   -4.994102e-01
1477010480349642                   8.694686e+01    2.352526e+01    1.396721e+00   -3.696459e-01
1477010481349642                   8.881868e+01    2.278998e+01    1.688157e+00   -5.939349e-01
1477010482349642                   8.950508e+01    2.230724e+01    1.073661e+00   -5.257280e-01
1477010483349642                   9.051382e+01    2.166862e+01    1.033834e+00   -5.949772e-01
1477010484349642                   9.171640e+01    2.111489e+01    1.137351e+00   -5.696718e-01
1477010485349642                   9.285984e+01    2.095032e+01    1.141083e+00   -3.211780e-01
1477010486349642                   9.347128e+01    2.021892e+01    8.161893e-01   -5.728123e-01
1477010487349642                   9.531427e+01    1.965839e+01    1.446049e+00   -5.652825e-01
1477010488349642                   9.551435e+01    1.969336e+01    6.817502e-01   -1.970747e-01
1477010489349642                   9.626348e+01    1.916253e+01    7.230842e-01   -4.018051e-01
1477010490349642                   9.752412e+01    1.872724e+01    1.052826e+00   -4.223460e-01
1477010491349642                   9.821352e+01    1.837333e+01    8.298967e-01   -3.803696e-01
1477010492349642                   9.903633e+01    1.736228e+01    8.255485e-01   -7.672405e-01
1477010493349642                   9.999574e+01    1.698495e+01    9.076595e-01   -5.280616e-01
1477010494349642                   1.012013e+02    1.653617e+01    1.090399e+00   -4.794240e-01
1477010495349642                   1.023860e+02    1.639638e+01    1.148251e+00   -2.710899e-01
1477010496349642                   1.030078e+02    1.535945e+01    8.253235e-01   -7.408692e-01
1477010497349642                   1.041121e+02    1.526540e+01    9.964149e-01   -3.440989e-01
1477010498349642                   1.055373e+02    1.444525e+01    1.259465e+00   -6.361188e-01
1477010499349642                   1.068309e+02    1.404620e+01    1.280412e+00   -4.906949e-01
1477010500349642                   1.080838e+02    1.365953e+01    1.263547e+00   -4.268859e-01
1477010501349642                   1.095328e+02    1.356854e+01    1.377314e+00   -2.208394e-01
1477010502349642                   1.110617e+02    1.258777e+01    1.470290e+00   -6.869942e-01
1477010503349642                   1.129094e+02    1.248284e+01    1.701803e+00   -3.299438e-01
1477010504349642                   1.147994e+02    1.254726e+01    1.817239e+00   -8.803643e-02
1477010505349642                   1.166865e+02    1.210651e+01    1.860089e+00   -3.043959e-01
1477010506349642                   1.189494e+02    1.199928e+01    2.107183e+00   -1.834488e-01
1477010507349642                   1.206981e+02    1.228784e+01    1.887278e+00    1.060853e-01
1477010508349642                   1.235600e+02    1.282607e+01    2.485133e+00    3.711735e-01
1477010509349642                   1.249034e+02    1.277781e+01    1.784754e+00    1.138853e-01
1477010510349642                   1.278434e+02    1.332364e+01    2.493412e+00    3.788491e-01
1477010511349642                   1.299505e+02    1.369635e+01    2.256467e+00    3.750821e-01
1477010512349642                   1.320929e+02    1.450339e+01    2.186444e+00    6.400540e-01
1477010513349642                   1.350669e+02    1.504828e+01    2.669563e+00    5.816760e-01
1477010514349642                   1.375621e+02    1.620983e+01    2.562591e+00    9.373827e-01
1477010515349642                   1.403297e+02    1.700918e+01    2.688356e+00    8.527094e-01
1477010516349642                   1.428895e+02    1.799075e+01    2.609498e+00    9.317543e-01
1477010517349642                   1.453929e+02    1.915968e+01    2.544423e+00    1.077243e+00
1477010518349642                   1.482483e+02    2.047337e+01    2.735181e+00    1.222287e+00
1477010519349642                   1.506884e+02    2.211075e+01    2.554166e+00    1.476907e+00
1477010520349642                   1.534205e+02    2.349167e+01    2.663331e+00    1.418027e+00
1477010521349642                   1.560469e+02    2.480928e+01    2.640680e+00    1.356434e+00
1477010522349642                   1.589031e+02    2.603190e+01    2.772872e+00    1.274350e+00
1477010523349642                   1.614138e+02    2.742462e+01    2.612057e+00    1.346956e+00
1477010524349642                   1.636284e+02    2.876830e+01    2.368272e+00    1.344947e+00
1477010525349642                   1.668209e+02    3.020546e+01    2.873834e+00    1.401511e+00
1477010526349642                   1.691022e+02    3.137368e+01    2.510359e+00    1.258408e+00
1477010527349642                   1.721705e+02    3.234284e+01    2.852635e+00    1.080978e+00
1477010528349642                   1.746462e+02    3.346220e+01    2.621386e+00    1.104522e+00
1477010529349642                   1.770321e+02    3.420399e+01    2.476942e+00    8.820141e-01
1477010530349642                   1.801401e+02    3.514182e+01    2.864059e+00    9.162562e-01
1477010531349642                   1.826028e+02    3.575557e+01    2.617839e+00    7.306925e-01
1477010532349642                   1.847360e+02    3.651523e+01    2.320552e+00    7.484599e-01
1477010533349642                   1.869472e+02    3.694314e+01    2.253503e+00    5.518315e-01
1477010534349642                   1.894630e+02    3.740591e+01    2.414389e+00    4.971974e-01
1477010535349642                   1.917365e+02    3.756590e+01    2.327956e+00    2.903504e-01
1477010536349642                   1.934761e+02    3.728372e+01    1.967082e+00   -6.085265e-02
1477010537349642                   1.959868e+02    3.739761e+01    2.300545e+00    4.634127e-02
1477010538349642                   1.977293e+02    3.772618e+01    1.958199e+00    2.194640e-01
1477010539349642                   1.992974e+02    3.729166e+01    1.718899e+00   -1.817014e-01
1477010540349642                   2.015447e+02    3.699827e+01    2.043023e+00   -2.502150e-01
1477010541349642                   2.029676e+02    3.645925e+01    1.662654e+00   -4.273689e-01
1477010542349642                   2.039959e+02    3.619533e+01    1.273542e+00   -3.271107e-01
